function Trajectory = calc_Trajektorie_verallg(t)
%calc_Trajektorie_verallg
%    Trajectory = calc_Trajektorie_verallg(T)

%    This function was generated by the Symbolic Math Toolbox version 24.1.
%    21-Jan-2025 15:26:51

t2 = t.^2;
t3 = t.^3;
t5 = t.^5;
t4 = t2.^2;
et1 = t.*(-3.55706166485363e-3)+t2.*5.178536647805303e-2-t3.*5.004519079781919e-2-t4.*4.221211747522119e-3+t5.*6.746024905466655e-3;
et2 = -2.565767314538405;
et3 = t.*2.034951361333008e-3+t2.*2.848551443103645e-1-t3.*7.834737281239228e-2+t4.*3.347970896281319e-2-t5.*1.605778590275211e-2;
et4 = 2.465452051359372e-1;
mt1 = [et1+et2;et3+et4;t.*1.035707329561061e-1-t2.*1.501355723934576e-1-t3.*1.688484699008847e-2+t4.*3.373012452733328e-2-3.55706166485363e-3];
mt2 = [t.*5.697102886207289e-1-t2.*2.350421184371768e-1+t3.*1.339188358512527e-1-t4.*8.028892951376054e-2+2.034951361333008e-3];
mt3 = [t.*(-3.002711447869151e-1)-t2.*5.065454097026542e-2+t3.*1.349204981093331e-1+1.035707329561061e-1];
mt4 = [t.*(-4.700842368743537e-1)+t2.*4.017565075537582e-1-t3.*3.211557180550421e-1+5.697102886207289e-1];
Trajectory = [mt1;mt2;mt3;mt4];
end
